 160/199   1524/1524   0.00945    0.0052    0.0249         0    0.0395        40      1.35      0.596      0.756      0.648      0.666     0.0397
 161/199   1524/1524   0.00967   0.00518    0.0262         0    0.0411        35      2.79      0.604      0.734      0.622      0.663     0.0434
 162/199   1524/1524   0.00967   0.00534     0.027         0     0.042        66      1.42      0.575      0.756      0.642      0.653     0.0393
 163/199   1524/1524   0.00944   0.00515    0.0255         0    0.0401        65      1.49      0.577      0.755      0.647      0.654     0.0397
 164/199   1524/1524   0.00954   0.00521    0.0266         0    0.0413        28    0.0684      0.601      0.747      0.638      0.666     0.0413
 165/199   1524/1524   0.00937   0.00518    0.0261         0    0.0406        32       1.5      0.592      0.746      0.637       0.66     0.0419
 166/199   1524/1524   0.00935   0.00521    0.0253         0    0.0399         3      5.12      0.622      0.731      0.618      0.672     0.0436
 167/199   1524/1524   0.00951   0.00504     0.026         0    0.0406        51    0.0647        0.6      0.746      0.638      0.665     0.0417
 168/199   1524/1524   0.00958   0.00521    0.0256         0    0.0404        82    0.0816      0.588      0.758      0.651      0.662     0.0394
 169/199   1524/1524   0.00936   0.00517    0.0249         0    0.0395         4      1.41      0.585      0.755      0.647      0.659     0.0402
 170/199   1524/1524   0.00947   0.00522    0.0258         0    0.0404         4     0.071      0.582      0.759      0.648      0.659     0.0387
 171/199   1524/1524   0.00924   0.00526    0.0262         0    0.0407         2    0.0717      0.589      0.756      0.647      0.662     0.0399
 172/199   1524/1524   0.00955   0.00523     0.026         0    0.0407         4    0.0671      0.593      0.756       0.65      0.665     0.0401
 173/199   1524/1524   0.00939   0.00515    0.0253         0    0.0398        37    0.0765      0.577      0.758      0.651      0.655     0.0397
 174/199   1524/1524   0.00958    0.0053    0.0254         0    0.0403         3    0.0717      0.585      0.755      0.648      0.659     0.0402
 175/199   1524/1524   0.00933    0.0051     0.026         0    0.0404        31    0.0819      0.593      0.757      0.649      0.665     0.0395
 176/199   1524/1524   0.00914   0.00501    0.0251         0    0.0392        33       5.1      0.607      0.741      0.632      0.667     0.0432
 177/199   1524/1524   0.00921   0.00504    0.0256         0    0.0399        49    0.0701      0.599      0.759      0.652       0.67     0.0395
 178/199   1524/1524   0.00944   0.00523    0.0257         0    0.0404        56    0.0818      0.608      0.754      0.648      0.673     0.0405
 179/199   1524/1524   0.00933   0.00509    0.0245         0     0.039        44      1.84      0.605      0.745      0.635      0.668      0.042
 180/199   1524/1524   0.00923   0.00518    0.0255         0      0.04        24     0.125      0.593      0.741      0.631      0.658     0.0427
 181/199   1524/1524   0.00926   0.00507    0.0246         0    0.0389        22    0.0848      0.613      0.736      0.625      0.669     0.0431
 182/199   1524/1524   0.00949    0.0051    0.0256         0    0.0402        80    0.0857      0.603      0.744      0.634      0.666     0.0417
 183/199   1524/1524   0.00944   0.00519    0.0252         0    0.0399         1    0.0793      0.605      0.718      0.599      0.657     0.0467
 184/199   1524/1524   0.00949   0.00519    0.0253         0      0.04        51    0.0846      0.606      0.742      0.633      0.667     0.0429
 185/199   1524/1524    0.0092   0.00518    0.0257         0      0.04        38      1.27      0.565      0.757      0.641      0.647     0.0386
 186/199   1524/1524   0.00944   0.00509    0.0248         0    0.0393        67    0.0719      0.589      0.746      0.637      0.658     0.0421
 187/199   1524/1524   0.00945    0.0051    0.0258         0    0.0403        28    0.0752      0.588      0.757      0.646      0.662     0.0385
 188/199   1524/1524   0.00968   0.00525    0.0258         0    0.0407        70    0.0827      0.587      0.759      0.651      0.662     0.0392
 189/199   1524/1524   0.00902   0.00501    0.0251         0    0.0392        43    0.0801        0.6      0.741      0.632      0.663     0.0428
 190/199   1524/1524   0.00926   0.00497    0.0258         0      0.04         3    0.0672      0.595       0.76      0.654      0.668     0.0391
 191/199   1524/1524   0.00919   0.00518    0.0249         0    0.0393        35      5.95      0.583      0.758      0.647      0.659      0.039
 192/199   1524/1524   0.00928   0.00512    0.0253         0    0.0397        37     0.125       0.61      0.752      0.646      0.673     0.0406
 193/199   1524/1524   0.00931   0.00516    0.0258         0    0.0403        27    0.0685      0.594      0.753      0.644      0.664     0.0408
 194/199   1524/1524   0.00933   0.00513    0.0256         0      0.04        26    0.0838      0.597      0.756       0.65      0.667     0.0398
 195/199   1524/1524   0.00938   0.00516    0.0256         0    0.0401        60    0.0678        0.6       0.74       0.63      0.663     0.0423
 196/199   1524/1524   0.00942   0.00513    0.0256         0    0.0402        33    0.0856      0.614      0.754      0.649      0.677     0.0401
 197/199   1524/1524   0.00922   0.00513     0.026         0    0.0404        31    0.0777      0.607      0.738      0.626      0.666      0.043
 198/199   1524/1524   0.00934   0.00513    0.0262         0    0.0406        47    0.0675        0.6      0.758       0.65       0.67     0.0393
 199/199   1524/1524   0.00924   0.00507     0.025         0    0.0393         1    0.0867      0.604      0.716      0.597      0.655     0.0476
